$SPEC_ID:
No sample description was entered.
$SPEC_REM:
DET# 1
DETDESC# NEWTON MCB 338
AP# Maestro Version 6.06
$DATE_MEA:
10/29/2018 09:46:04
$MEAS_TIM:
3380 3382
$DATA:
0 8191
       0
       0
       0
       0
       0
       0
       0
       0
       0
       0
       0
       0
       0
       0
       0
       0
       0
       0
       0
       0
       0
       0
       0
       0
       0
       0
       0
       0
       0
       0
       0
       0
       0
       0
       0
       0
       0
       0
       0
       0
       0
       0
       0
       0
       0
       0
       0
       0
       0
       0
       1
       3
      20
      43
      65
      80
      97
     105
      89
     108
     102
      93
     114
     108
      95
      91
      99
     103
      91
      99
     103
      80
      80
      82
      83
      98
      90
      89
      92
      74
      80
      77
      73
     107
      91
      79
      88
      80
      97
      89
      81
      72
      77
      83
      91
      80
      76
      68
      98
      89
      73
      88
      97
     117
     148
     233
     254
     181
      99
      85
      57
      71
      79
      70
      85
      72
      64
      87
     142
     206
     148
     150
     108
     102
      63
      59
      50
      66
      56
      63
      79
      47
      59
      51
      61
      49
      59
      54
      65
      54
      60
      61
      57
      60
      58
      62
      52
      60
      53
      59
      55
      42
      60
      58
      63
      57
      54
      35
      51
      54
      47
      58
      47
      55
      59
      52
      67
      51
      58
      44
      49
      65
      38
      66
      45
      59
      70
      68
      59
      60
      53
      72
      43
      70
      71
      57
      68
      67
      62
      69
      56
      61
      76
      87
      60
      56
      66
      75
      57
      64
      55
      58
      56
      57
      59
      64
      83
      52
      68
      79
      84
      76
      94
      87
      89
      94
     121
     117
     123
      73
     101
      81
      83
      72
      78
      75
      78
      78
      86
      76
      92
      84
      77
      82
      63
      75
      78
      77
      79
      76
      69
      68
      74
      77
      61
      74
      64
      80
      66
      85
      70
      65
      84
      67
      60
      81
      74
      72
      72
      57
      75
      83
      73
      74
      73
      69
      81
      77
      89
      74
      83
      70
      73
      81
      70
      70
      92
      86
      95
      73
      76
      78
      95
      69
      66
      80
      75
      80
      83
      94
      95
     110
     105
      77
     113
     101
     110
      88
      89
      85
      88
     108
     103
     100
      92
     127
     277
    1191
    3045
    3989
    2480
     785
     184
     109
      56
      55
      56
      77
      52
      44
      56
      65
      70
      58
      70
      76
      62
      47
      57
      53
      59
      45
      54
      68
      48
      59
      59
      57
      67
      52
      54
      63
      65
      78
      49
      60
      58
      58
      51
      58
      48
      50
      52
      72
      62
      66
      52
      52
      57
      54
      59
      64
      49
      76
      57
      63
      59
      60
      71
      56
      65
      61
      68
      82
      83
      70
      75
      60
      85
      66
      59
      58
      72
      77
      73
      58
      66
      61
      62
      62
      70
      71
      81
      64
      55
      74
      68
      60
      70
      75
      59
      61
      68
      66
      62
      64
      68
      74
      57
      64
      54
      66
      71
      61
      54
      58
      58
      57
      59
      71
      56
      62
      56
      56
      71
      61
      63
      55
      66
      60
      48
      52
      49
      62
      49
      60
      50
      59
      58
      67
      65
      48
      60
      60
      68
      55
      42
      63
      56
      68
      55
      63
      63
      65
      55
      63
      43
      58
      55
      56
      56
      60
      63
      61
      58
      56
      49
      63
      58
      52
      60
      54
      46
      55
      63
      57
      46
      59
      54
      49
      54
      49
      52
      64
      74
      43
      55
      58
      59
      44
      47
      61
      63
      46
      62
      46
      49
      59
      47
      47
      54
      54
      54
      69
      57
      62
      59
      56
      54
      47
      50
      51
      45
      54
      32
      49
      50
      50
      53
      46
      56
      63
      50
      38
      46
      45
      45
      54
      44
      58
      56
      52
      38
      46
      61
      40
      41
      52
      42
      55
      48
      49
      55
      51
      50
      46
      39
      50
      52
      65
      46
      49
      40
      53
      55
      42
      59
      46
      42
      51
      40
      55
      49
      63
      42
      49
      47
      43
      49
      43
      40
      47
      38
      54
      50
      45
      38
      37
      42
      37
      36
      35
      36
      31
      48
      32
      44
      37
      40
      47
      40
      36
      41
      39
      37
      34
      30
      30
      49
      43
      44
      36
      33
      33
      27
      37
      46
      38
      38
      38
      43
      94
     251
     495
     585
     482
     209
      72
      28
      32
      26
      21
      36
      32
      36
      29
      30
      23
      36
      24
      35
      32
      34
      40
      28
      35
      23
      23
      20
      28
      30
      33
      36
      27
      29
      26
      27
      29
      28
      22
      34
      24
      33
      30
      30
      28
      30
      37
      36
      25
      22
      40
      20
      27
      31
      33
      30
      30
      29
      28
      24
      36
      18
      17
      24
      30
      20
      32
      27
      32
      22
      23
      16
      30
      27
      20
      29
      24
      19
      26
      25
      25
      33
      23
      28
      26
      33
      28
      27
      20
      21
      21
      29
      26
      25
      28
      26
      13
      26
      23
      23
      20
      30
      30
      17
      29
      25
      18
      24
      24
      22
      17
      14
      25
      19
      19
      22
      23
      27
      28
      23
      24
      22
      25
      26
      22
      21
      22
      24
      28
      29
      47
      30
      33
      23
      22
      19
      21
      19
      27
      31
      24
      20
      17
      24
      20
      15
      22
      18
      25
      21
      28
      21
      21
      21
      25
      24
      25
      20
      20
      18
      29
      20
      25
      17
      19
      25
      25
      22
      21
      17
      20
      24
      26
      24
      15
      24
      18
      19
      16
      26
      27
      18
      20
      25
      21
      17
      17
      20
      22
      24
      18
      16
      22
      12
      27
      20
      20
      20
      21
      14
      25
      31
      21
      24
      18
      25
      13
      19
      19
      19
      18
      27
      34
      32
      24
      18
      30
      23
      25
      23
      25
      20
      17
      15
      18
      18
      18
      26
      12
      15
      33
      21
      15
      24
      19
      19
      19
      25
      20
      18
      23
      19
      21
      29
      25
      26
      66
     191
     521
    1063
    1265
    1017
     537
     188
      56
      18
      19
      11
      14
      26
      10
      15
      15
      20
      24
      13
      13
      18
       9
      12
      10
      19
      13
      12
      13
      16
      24
      15
      14
      10
      19
      15
      18
      16
      13
      21
      18
      16
      21
      16
      17
      10
      19
      21
      19
      18
      28
      15
      16
      24
       9
      10
      14
      21
      21
      22
      27
      47
      48
      42
      36
      18
      18
      16
      16
      20
      13
      13
      19
      12
      21
      19
      10
      24
      12
      15
      17
      13
      10
      22
      14
      19
      13
      10
      16
      22
      13
      12
      17
      14
      16
      20
      14
      19
      13
      16
      14
      13
      14
      14
       8
      14
       9
      15
      14
      17
      19
      17
      17
      23
      20
      21
      15
      13
      20
      15
      18
      13
      21
      18
       6
      18
      10
      16
       8
      13
      14
      16
      10
      10
      20
      17
      17
      16
      21
      22
      15
      19
      24
      12
       9
      19
      14
       8
      10
      12
      16
      18
      21
      20
      15
      17
      15
      19
       9
      18
      12
      20
      12
       8
      15
      12
      17
      27
      62
      73
      90
      79
      53
      29
      12
      13
      14
      17
      13
      17
      10
      17
      17
      14
      13
      15
      16
      15
      11
      12
      15
      11
      13
      14
      11
      17
      14
       8
      18
      16
      13
      21
      14
      13
      14
      18
      14
      13
      17
      13
      20
      11
      15
      19
      13
      15
      10
      14
      19
      22
      11
      14
      17
      11
      14
       8
      15
      15
      20
      13
      16
      18
      15
      16
      13
      14
      16
      11
      13
      14
       8
       9
       9
      11
      13
      14
      12
      17
      31
      46
      96
      98
      87
      83
      37
      26
       8
      13
       9
      11
      12
      20
      13
      13
      13
       8
      17
      14
      18
      12
      19
      10
      11
      13
      13
       7
      15
      12
      12
      12
      11
      13
      10
      14
      15
      21
      16
      14
      19
      16
      20
       9
      13
      19
      21
      20
      18
      16
      15
       8
      14
      11
      14
       5
      11
      16
       9
      21
      10
      21
      12
      17
      13
      11
      20
      10
      11
       8
      10
      15
      12
      13
       6
      19
      13
      10
      15
       9
      12
       9
      22
      14
      12
      10
      10
      11
      12
      11
      10
       6
      16
      13
      21
      13
      18
      15
      15
      17
      16
      19
      12
      10
      18
      11
      21
      14
      15
      18
       9
      15
      28
      16
      34
      23
      18
      22
      11
      10
       9
      13
      16
      14
      12
      19
      12
      17
      19
      18
      12
      18
       7
      14
      14
      13
      17
      16
      21
      17
      16
      14
      25
      19
      14
      15
      14
      16
      20
      17
      24
      17
      12
      18
      18
      20
      13
      18
      13
      16
      15
      12
      13
      11
      13
      14
      21
      15
      18
      22
      22
      21
      23
      18
      13
      11
      17
      19
      20
      14
      11
       9
      10
      12
      11
      11
       8
      18
       5
      17
      15
      20
      10
      12
      12
      16
      10
      20
      11
      13
      18
      16
      15
      12
      10
      21
      16
      17
       6
      23
      11
      10
      11
      11
      15
      14
      10
       9
      12
      15
      14
      17
      12
      12
      11
      19
      11
      20
      17
      20
      17
      17
      12
      14
      12
      10
      18
      12
      18
      12
      14
      15
      13
      12
      14
      20
      12
      11
      12
      20
      16
      14
      12
      16
      13
       9
      11
      19
      16
       8
      20
      14
      11
      15
      18
      14
      17
      18
      14
      25
      11
       6
      14
      15
      20
      12
      30
      21
      15
      17
      13
      15
      14
      12
      13
      18
      13
      13
      15
      12
      12
      11
      20
      13
      16
      10
      19
      22
      18
      16
      22
      33
      28
      21
      14
      14
      11
      18
      16
      22
      10
      21
       8
      15
      13
      16
      13
      16
      10
      13
      25
      10
      20
      18
      21
      13
      12
      12
      10
      21
      15
      17
      15
      18
      18
      18
      11
      19
      24
      16
      25
      15
      13
      11
      15
      24
      11
      16
      16
      18
       9
      17
       9
      11
      16
      27
      24
      22
      22
      19
      21
      18
      12
      21
      14
      16
      12
      12
       8
      13
      20
      12
       6
      17
      22
      11
      16
      14
      11
      13
       7
      11
       9
      15
      13
      12
      13
       9
      11
      15
      11
      10
      16
      18
      16
      17
      14
      16
      11
      17
       4
      10
      14
      13
      10
      11
      13
       9
       9
      14
      13
       6
      17
       5
      15
      14
      14
      13
       8
      12
       9
      14
      12
      16
      16
      13
      14
      14
      12
       8
      13
      14
      15
      12
      17
      12
       9
      16
      11
       9
      11
      11
      10
       6
       7
      10
      19
      11
      13
      11
      11
       7
      13
       5
       8
      17
      11
      10
       9
       8
       7
      14
      17
      10
      12
      13
       9
       8
      11
       4
       8
      10
       5
      15
      17
      13
      14
      17
      21
      16
      12
      11
      13
      14
      11
      17
      16
      11
       9
      15
       9
      15
       6
      14
      11
      12
      10
      16
      10
      14
      19
      14
      16
      13
      12
      12
      11
      16
       8
      15
      13
      12
       9
      10
       8
       8
      13
      17
       7
      10
      10
      18
      10
      10
      14
      12
       9
       9
      22
      14
      12
       7
      13
      11
       8
      16
      13
       8
      13
      15
      14
      12
      15
      10
      17
      14
      15
       5
      11
      12
      10
      15
      12
      20
      12
       9
      11
      14
      12
      10
       9
      10
       8
      10
      14
       9
      15
       5
      16
      16
      12
      15
      16
      21
      10
      16
      23
      15
      10
      22
      16
      12
      12
      14
      15
      29
      11
      25
      19
      10
      13
      15
      12
       4
      10
       9
       9
      11
      12
       6
      13
      14
      14
      16
      20
      14
       9
      12
      20
      37
      29
      14
      24
      13
      17
      12
      10
      14
       9
       5
      21
      14
      15
      14
       9
      15
      17
      13
      12
       4
      10
      14
       9
      13
      16
      13
      22
       8
      11
      10
      15
       8
      11
      12
      14
      11
      12
       5
      12
      13
       5
      11
      14
      15
      15
      14
      16
      13
      14
      11
       7
      11
      12
      13
      11
       8
      16
       6
      12
       7
      11
      13
      11
      11
      13
      10
       3
      11
      14
      15
      11
      11
       7
      24
       9
      15
      17
      16
      12
      21
      12
      16
      12
      14
      13
      17
      23
       8
      15
      14
      10
      10
      13
      14
      12
      18
      16
      13
       8
      10
      18
      12
      19
      21
      17
      12
      14
      10
      17
      15
      11
      12
      11
       8
      13
      14
      12
      12
       6
      13
       5
       5
      16
       9
      13
      14
      11
      16
       7
      12
      14
      12
       9
      11
       9
       5
      22
      10
       9
      13
      10
       9
      11
       7
       9
      15
      14
       9
       7
      13
      15
      15
      11
      11
      10
      11
       9
      13
      18
      13
      15
      11
      10
      13
      11
      10
      16
      12
      17
      10
      10
      17
      14
      18
      10
       6
      10
      22
      15
      13
      11
       9
       9
      12
       8
       9
      17
      10
      13
      11
      10
      12
      16
       9
      22
      13
      12
      16
      15
       7
       9
      11
      10
      10
      14
       7
      17
      11
      16
       9
      12
       5
      14
      14
      11
      14
      16
      11
      22
      30
      38
      56
     100
     161
     178
     165
     169
     112
      61
      26
      19
      13
       9
      12
      13
      13
      11
      10
      10
       8
      10
      10
      15
      10
      14
      11
       7
       6
      15
      16
       8
       6
       8
      12
       7
       5
      18
       7
       9
       7
      10
       8
       9
       9
      15
      10
       4
       6
      12
       5
      10
       5
      16
      10
       9
       9
       9
      18
      10
       9
       2
       3
      14
      10
       6
      13
       7
      13
       6
       8
      14
      14
      13
       8
       7
       4
      18
      13
      17
      12
      10
      13
      10
      12
      16
      12
      14
      16
      11
       8
       7
      11
       7
       9
      11
       6
       9
       4
      10
      12
      14
      15
      10
       9
      11
       4
       6
      11
      12
      10
      10
      12
       8
      12
       4
       6
       6
      16
       7
      15
       8
      13
      10
       8
      12
       8
      13
       9
       6
       5
       8
       8
       7
      11
      12
       8
      13
       7
       6
       6
       5
      11
      10
       6
      11
      11
      11
       6
       8
      14
      13
      11
       6
      11
       8
      10
      13
      14
      19
      14
      14
      10
      12
       6
       6
      10
      12
      11
      10
       6
      16
      10
       5
       6
       8
      14
      12
      16
      10
      16
      15
      12
      18
      12
      14
      10
      19
      11
       7
      11
      14
      12
       6
       8
      11
      11
       7
       5
      12
      13
       9
       7
       9
       9
      10
       8
       8
       8
      13
      18
      12
       9
      11
      16
       9
      13
      17
       9
      13
      14
      25
      40
      38
      67
      63
      44
      34
      40
      20
      23
       9
       9
      12
       8
       5
      10
      10
      11
      11
       9
      16
       1
       6
      11
       6
       6
      10
      11
       9
       8
      10
      10
       8
      11
      12
       9
       7
      13
      10
      10
       6
      16
      10
      14
      14
       9
      13
      10
      11
       9
      12
      10
       5
      17
       5
       5
       6
      11
       5
      15
       4
      11
      10
      17
      12
       6
       9
       8
       8
       5
       3
      10
       8
       9
      10
      12
      14
      12
      10
       6
       9
       9
       8
       9
      11
      10
      13
       7
       8
      11
       4
       6
      10
      14
       8
       6
       5
       8
       7
       8
       9
       8
       4
       6
       4
      16
      13
       9
      10
      11
       5
       7
      11
       6
       4
      14
       1
       4
       7
       8
      11
       6
      14
       8
       4
       8
       8
       6
      10
       4
       9
       7
       8
      10
      12
       7
       8
       5
      11
       8
       5
       9
       5
       5
       6
       4
       4
       8
      10
       7
      12
       9
      13
       6
       5
       3
       3
       4
       5
       8
      12
       6
      10
       7
      13
       1
      10
       7
       9
       3
       8
       2
       8
       8
       7
      11
       5
       5
       3
       3
       7
       4
       1
       7
       5
       3
       3
       5
       7
       8
       7
       5
       7
       3
       4
       3
       7
       6
       3
       6
       3
       8
       7
      11
       9
       9
       6
      10
       8
       7
       3
       3
       3
       8
       9
      10
       6
       4
       6
       3
       7
       8
       5
       5
       6
       3
       9
       7
       9
       7
       7
       5
      10
       7
       9
      14
       7
      22
      24
      46
      60
      73
      97
     124
     123
     110
     110
      71
      63
      26
      17
      11
       4
       4
       8
      11
       2
       7
       7
       4
       3
       5
       5
       4
       5
       5
       6
      10
       6
       4
       7
       1
       3
       5
       6
       4
       3
       5
       6
       7
       5
       5
       5
       4
       1
       7
       3
       7
       4
       3
       5
       6
       4
       7
       4
       1
       6
       3
       5
       4
       6
       2
       6
       0
       3
       2
       3
       6
       1
       4
       3
       6
       5
       3
       2
       6
       4
       7
       5
       8
       9
       5
       5
       6
       6
       3
       8
       4
       7
       5
       6
       5
       4
       3
       2
       3
       3
       8
       5
       4
       3
       6
       3
      10
      12
       5
      13
      10
       7
      13
      10
       6
       4
       6
       7
       2
       7
       3
       4
       6
       4
       6
       2
       4
       4
       2
       2
       2
       5
       4
       7
       6
       2
       3
       4
       7
       4
       6
       3
       3
       4
       3
       2
       5
       3
       4
       3
       6
       7
       5
       8
       4
       8
       2
       4
       5
       4
       1
       4
       8
       5
       6
       4
       1
       1
       6
       2
       6
       3
       1
       4
       5
       2
       4
       2
       8
       2
       4
       7
       4
       6
       3
       2
       5
       4
       2
       2
       5
       4
       4
       2
       6
       5
       5
       6
       2
       3
       3
       6
       6
       4
       5
       1
       3
       3
       9
       7
       6
       6
       0
       5
       5
       3
       9
       4
       4
       3
       5
       5
       4
       7
       5
       1
       4
       5
       4
       6
       6
       7
       1
       4
       3
       2
       5
       3
       5
       4
       2
       6
       5
       4
       2
       5
       4
       2
       4
       1
       3
       7
       4
       5
       4
       1
       1
       6
       6
       4
       6
       7
       0
       4
       3
       4
       4
       7
       2
       3
       4
       6
       5
       6
       2
       8
       7
       7
       2
       8
       5
       6
       4
       5
       4
       6
       9
       4
       2
       8
       4
       5
       3
       5
       6
       6
      12
       2
       6
       5
       2
      12
      11
      11
      25
      25
      39
      65
      65
      83
      54
      61
      57
      39
      36
      20
      12
      15
      18
      11
      20
      14
      17
       7
       6
       6
       4
       6
       1
       7
       5
       3
       3
       4
       3
       6
       0
       7
       1
       4
       1
       5
       5
       3
       4
       5
       6
       5
       3
       3
       2
       1
       5
       4
       3
       3
      10
       2
       6
      11
       3
       4
       4
       3
      10
       8
       7
      22
      21
      25
      38
      64
      52
      79
      77
      86
      65
      79
      55
      36
      17
      11
       8
       2
       2
       3
       9
       6
       8
       3
       4
       7
       2
       1
       1
       2
       7
       4
       4
       5
       4
       3
       9
       2
       9
       4
       4
       2
       3
       6
       2
       6
       8
       6
       5
       8
       3
       4
       5
       4
       6
       4
       4
       8
       5
       4
       4
       4
       3
       5
       7
       4
       5
       4
       7
       7
       5
       3
       4
       4
       5
       5
       3
       3
       6
       5
       6
       3
       2
       8
       5
       3
       6
       4
       2
       7
       3
       1
       5
       9
       5
       5
       2
       4
       5
       4
       7
       4
       6
       5
       6
       7
       6
       3
       3
       3
       2
       5
       6
       5
       6
       6
       5
       8
       4
       2
       6
       6
       3
       4
       5
       3
       6
       3
       6
       7
       1
       4
       3
       4
       6
       2
       3
       5
       4
       4
       3
       6
       4
       5
       8
       8
       4
       4
       2
       4
       9
       4
       6
       3
       7
       6
       6
       6
       6
       4
       3
       6
       5
       4
       4
       5
       7
       4
       4
       6
       8
       4
       5
       3
       5
       2
       1
       1
       7
       7
       5
       6
       8
       6
       6
       8
       6
       7
       6
       3
       2
       4
       7
       8
       9
       3
       3
       4
       5
       2
       5
       4
       4
       4
       1
       4
       3
       3
       4
       3
       2
       4
       3
       2
       4
       4
       4
       2
       1
       3
       5
       6
       3
       4
       0
       3
       3
       2
       1
       6
       3
       3
       4
       1
       3
       5
       5
       1
       7
       1
       4
       5
       1
       2
       3
       4
       3
       4
       3
       7
       2
       4
       4
       7
       7
       5
       7
       9
       8
       6
      17
      13
       8
       3
       3
       7
       5
       3
       4
       4
       3
       7
       4
       1
       3
       4
       4
       3
       1
       7
       0
       2
       1
       3
       3
       2
       3
       3
       6
       3
       3
       1
       1
       2
       3
       9
       3
       1
       3
       2
       2
       0
       1
       1
       4
       2
       3
       5
       2
       2
       4
       3
       3
       2
       4
       3
       4
       1
       1
       1
       2
       2
       3
       2
       6
       1
       2
       2
       0
       2
       0
       4
       6
       3
       1
       3
       2
       5
       4
       2
       2
       0
       2
       4
       2
       1
       4
       5
       5
       3
       4
       3
       2
       5
       1
       5
       5
       6
       1
       2
       1
       4
       3
       5
       2
       2
       3
       0
       2
       2
       1
       3
       1
       3
       2
       3
       2
       4
       3
       3
       4
       0
       3
       3
       2
       1
       4
       1
       1
       4
       0
       0
       3
       4
       4
       4
       1
       1
       2
       0
       2
       1
       1
       2
       2
       2
       2
       3
       2
       2
       3
       5
       0
       1
       1
       1
       4
       3
       3
       1
       3
       1
       0
       2
       5
       4
       3
       2
       0
       1
       1
       2
       1
       0
       2
       0
       2
       0
       1
       2
       1
       2
       1
       0
       2
       5
       1
       2
       1
       0
       2
       2
       0
       0
       2
       0
       6
       2
       4
       1
       5
       0
       0
       2
       2
       0
       2
       4
       8
       4
       7
       8
       9
      10
       6
       9
       7
       3
       1
       2
       1
       2
       1
       3
       1
       0
       0
       0
       0
       0
       0
       0
       1
       1
       1
       3
       0
       0
       1
       1
       0
       0
       0
       0
       1
       1
       2
       1
       2
       1
       2
       2
       2
       0
       0
       1
       1
       2
       2
       0
       0
       1
       0
       2
       0
       0
       0
       0
       1
       1
       1
       0
       0
       2
       2
       3
       0
       2
       1
       0
       0
       0
       1
       0
       0
       1
       0
       1
       0
       4
       1
       1
       2
       0
       0
       0
       0
       0
       1
       1
       1
       2
       1
       0
       0
       1
       2
       1
       0
       1
       0
       1
       0
       0
       0
       0
       0
       1
       1
       1
       3
       2
       0
       0
       0
       2
       1
       2
       3
       3
       1
       1
       0
       0
       0
       0
       0
       1
       1
       1
       1
       2
       1
       1
       0
       0
       1
       0
       0
       0
       1
       0
       1
       1
       1
       0
       0
       2
       1
       1
       2
       0
       1
       0
       0
       0
       0
       3
       2
       0
       4
       0
       0
       0
       2
       0
       3
       0
       2
       0
       0
       1
       0
       1
       0
       1
       0
       0
       2
       0
       0
       0
       1
       1
       0
       2
       0
       0
       1
       0
       1
       1
       0
       0
       1
       0
       1
       1
       0
       1
       1
       1
       1
       0
       0
       0
       2
       0
       1
       2
       0
       1
       1
       2
       2
       1
       0
       1
       0
       0
       1
       2
       2
       0
       1
       1
       2
       0
       1
       0
       0
       2
       1
       2
       2
       1
       0
       0
       1
       1
       2
       0
       1
       1
       0
       1
       1
       0
       3
       2
       0
       0
       1
       2
       0
       3
       1
       2
       1
       1
       2
       3
       9
       8
      10
       9
      24
      26
      40
      55
      48
      65
      64
      89
      86
      84
      87
      74
      36
      16
      13
       8
       1
       2
       0
       0
       1
       0
       1
       1
       2
       0
       2
       2
       0
       0
       0
       1
       1
       2
       0
       1
       1
       2
       1
       1
       0
       0
       0
       1
       0
       0
       0
       0
       0
       0
       1
       0
       1
       0
       0
       1
       1
       0
       1
       1
       0
       0
       0
       1
       0
       0
       0
       1
       0
       0
       0
       2
       0
       0
       0
       0
       0
       1
       0
       0
       2
       1
       1
       1
       0
       1
       0
       0
       1
       0
       0
       0
       0
       1
       0
       0
       0
       1
       0
       0
       0
       0
       0
       0
       1
       0
       0
       0
       0
       0
       1
       0
       0
       0
       0
       2
       0
       0
       3
       0
       1
       1
       0
       0
       2
       2
       3
       2
       0
       2
       3
       3
       4
       2
       3
       3
       5
       3
       5
       5
       2
       2
       8
       4
       3
       2
       2
       0
       1
       0
       0
       0
       0
       0
       1
       0
       1
       0
       0
       0
       0
       0
       0
       0
       0
       0
       0
       1
       0
       0
       0
       0
       1
       0
       0
       0
       0
       0
       0
       0
       0
       1
       0
       0
       0
       0
       0
       1
       0
       0
       0
       0
       0
       1
       0
       0
       1
       0
       1
       0
       0
       0
       1
       0
       1
       0
       1
       0
       0
       0
       0
       0
       1
       0
       0
       1
       0
       0
       1
       0
       1
       0
       0
       1
       0
       0
       0
       2
       0
       1
       0
       1
       0
       0
       0
       0
       0
       1
       0
       1
       0
       0
       0
       0
       1
       0
       1
       0
       0
       0
       0
       1
       1
       0
       0
       0
       0
       0
       1
       0
       1
       2
       0
       0
       0
       0
       1
       1
       0
       0
       1
       0
       0
       0
       0
       0
       1
       0
       0
       0
       0
       0
       1
       0
       0
       0
       0
       0
       0
       0
       0
       0
       2
       1
       0
       0
       0
       0
       1
       1
       1
       0
       0
       4
       0
       3
       0
       3
       1
       0
       0
       3
       1
       1
       0
       1
       1
       0
       0
       0
       0
       0
       0
       0
       1
       1
       0
       1
       0
       0
       2
       0
       0
       1
       0
       0
       0
       0
       2
       0
       0
       1
       0
       0
       2
       1
       0
       0
       0
       0
       0
       1
       1
       0
       0
       0
       0
       0
       0
       2
       0
       0
       0
       0
       1
       1
       0
       0
       0
       0
       0
       0
       0
       0
       0
       0
       0
       0
       0
       0
       0
       0
       0
       0
       0
       0
       0
       0
       0
       0
       1
       0
       0
       0
       0
       1
       1
       0
       1
       0
       0
       0
       0
       0
       1
       0
       0
       0
       0
       0
       0
       1
       0
       0
       0
       0
       0
       1
       0
       0
       0
       0
       0
       0
       0
       0
       0
       0
       0
       0
       0
       0
       0
       0
       1
       0
       0
       0
       0
       0
       0
       2
       0
       0
       1
       0
       1
       1
       0
       0
       0
       1
       0
       0
       0
       0
       0
       0
       0
       0
       0
       0
       0
       0
       0
       1
       1
       0
       0
       0
       1
       1
       1
       0
       1
       0
       1
       0
       1
       0
       0
       0
       0
       0
       0
       0
       0
       1
       0
       0
       0
       0
       1
       0
       1
       0
       0
       0
       0
       1
       0
       0
       0
       0
       0
       1
       1
       0
       0
       0
       0
       0
       0
       0
       0
       0
       1
       0
       0
       0
       0
       1
       0
       0
       0
       1
       0
       1
       0
       0
       0
       0
       1
       0
       0
       1
       0
       1
       0
       0
       0
       1
       0
       0
       1
       0
       1
       2
       0
       0
       1
       0
       1
       0
       0
       0
       1
       0
       0
       1
       0
       0
       0
       0
       0
       1
       0
       0
       0
       0
       0
       1
       1
       0
       0
       0
       1
       0
       0
       0
       1
       0
       0
       0
       1
       0
       0
       1
       0
       0
       1
       0
       0
       0
       0
       1
       1
       0
       1
       0
       0
       1
       0
       0
       2
       1
       1
       0
       0
       0
       0
       0
       0
       0
       0
       0
       0
       0
       0
       0
       0
       0
       0
       1
       0
       0
       0
       1
       0
       0
       0
       0
       0
       0
       0
       1
       0
       0
       0
       0
       0
       0
       0
       0
       0
       0
       0
       0
       0
       0
       0
       0
       0
       1
       0
       0
       1
       0
       0
       0
       0
       0
       0
       0
       0
       0
       0
       0
       0
       0
       0
       0
       0
       0
       0
       0
       0
       0
       0
       0
       1
       0
       0
       1
       0
       0
       1
       0
       0
       0
       1
       0
       0
       0
       0
       0
       0
       0
       0
       0
       0
       0
       0
       1
       0
       0
       0
       0
       1
       0
       0
       0
       0
       1
       0
       0
       0
       1
       2
       1
       0
       0
       1
       0
       0
       0
       0
       0
       0
       0
       0
       0
       0
       0
       0
       1
       0
       1
       0
       0
       0
       0
       0
       1
       0
       0
       0
       0
       0
       0
       0
       1
       0
       1
       1
       0
       0
       0
       0
       0
       0
       0
       0
       0
       0
       0
       0
       0
       0
       0
       0
       0
       0
       0
       1
       0
       0
       0
       0
       0
       0
       0
       0
       1
       0
       0
       1
       0
       1
       0
       1
       0
       0
       0
       0
       0
       0
       0
       0
       0
       0
       0
       1
       0
       0
       0
       0
       0
       1
       1
       0
       1
       0
       0
       0
       0
       0
       0
       0
       0
       0
       0
       1
       0
       0
       0
       0
       0
       0
       0
       0
       0
       0
       0
       0
       0
       0
       0
       0
       0
       0
       0
       0
       0
       0
       0
       0
       0
       0
       0
       0
       0
       0
       1
       1
       0
       0
       0
       0
       0
       0
       1
       0
       0
       0
       0
       0
       0
       0
       0
       0
       0
       1
       0
       0
       0
       0
       0
       0
       1
       0
       0
       0
       0
       1
       1
       2
       1
       2
       1
       0
       1
       3
       3
       3
       0
       3
       1
       1
       0
       1
       0
       0
       0
       0
       0
       0
       1
       0
       0
       1
       0
       0
       0
       0
       0
       0
       0
       0
       0
       1
       0
       0
       0
       0
       0
       0
       0
       0
       0
       1
       0
       0
       0
       0
       0
       0
       0
       0
       0
       0
       0
       0
       0
       0
       0
       0
       0
       0
       0
       1
       0
       0
       0
       0
       1
       0
       0
       0
       0
       0
       0
       0
       0
       0
       0
       1
       1
       0
       1
       0
       0
       0
       1
       0
       0
       0
       0
       0
       1
       1
       0
       0
       0
       0
       0
       0
       1
       0
       0
       0
       0
       0
       0
       0
       0
       0
       0
       0
       0
       0
       0
       0
       0
       0
       0
       0
       0
       0
       0
       0
       0
       0
       0
       0
       0
       1
       0
       0
       0
       1
       0
       1
       0
       0
       1
       0
       0
       0
       1
       0
       0
       0
       0
       0
       0
       0
       0
       0
       1
       0
       0
       0
       0
       0
       0
       0
       0
       0
       0
       0
       0
       0
       0
       0
       0
       0
       0
       0
       0
       0
       1
       0
       0
       0
       0
       0
       0
       0
       0
       1
       0
       0
       0
       0
       0
       1
       0
       0
       0
       0
       0
       0
       0
       0
       0
       0
       1
       0
       0
       0
       1
       0
       0
       0
       0
       1
       0
       1
       0
       0
       1
       0
       1
       1
       0
       0
       0
       0
       0
       0
       0
       0
       0
       0
       1
       0
       0
       1
       0
       0
       0
       0
       0
       1
       0
       1
       0
       0
       0
       0
       0
       0
       1
       0
       1
       0
       0
       0
       0
       0
       0
       0
       0
       1
       0
       0
       0
       0
       1
       0
       0
       0
       0
       0
       0
       0
       0
       0
       0
       0
       0
       0
       0
       0
       0
       0
       0
       0
       1
       0
       1
       0
       0
       0
       0
       1
       0
       0
       0
       0
       0
       0
       0
       0
       0
       0
       0
       0
       1
       0
       0
       0
       0
       0
       0
       0
       0
       1
       0
       0
       0
       0
       0
       1
       0
       0
       0
       0
       0
       0
       0
       0
       0
       0
       0
       0
       0
       0
       1
       0
       0
       0
       0
       0
       0
       0
       0
       0
       0
       0
       0
       0
       0
       2
       0
       0
       0
       0
       0
       0
       0
       0
       0
       0
       0
       0
       0
       0
       0
       1
       0
       1
       0
       0
       0
       0
       0
       0
       0
       0
       0
       0
       0
       0
       0
       0
       0
       2
       0
       0
       0
       0
       1
       0
       0
       0
       0
       0
       0
       0
       0
       1
       0
       0
       0
       1
       0
       0
       0
       0
       0
       0
       0
       0
       1
       1
       0
       1
       0
       0
       0
       0
       0
       1
       0
       0
       0
       1
       1
       0
       0
       0
       0
       1
       0
       0
       0
       0
       0
       0
       0
       0
       0
       0
       0
       0
       0
       0
       1
       0
       0
       0
       0
       0
       0
       0
       1
       0
       0
       0
       0
       0
       0
       1
       0
       0
       0
       0
       0
       0
       0
       0
       0
       0
       1
       0
       0
       0
       0
       0
       0
       0
       0
       0
       0
       0
       1
       0
       0
       1
       0
       0
       0
       0
       0
       0
       0
       0
       0
       0
       0
       0
       0
       0
       0
       1
       0
       0
       0
       0
       0
       0
       0
       0
       0
       0
       0
       0
       0
       0
       0
       0
       0
       0
       0
       0
       1
       0
       0
       0
       0
       0
       0
       0
       0
       0
       2
       0
       0
       0
       0
       0
       0
       0
       0
       0
       1
       0
       1
       0
       0
       0
       0
       0
       0
       0
       0
       0
       0
       0
       1
       1
       0
       0
       0
       0
       0
       0
       0
       1
       0
       0
       0
       0
       0
       0
       1
       0
       0
       0
       0
       0
       0
       0
       0
       0
       0
       0
       0
       0
       0
       0
       0
       0
       0
       0
       0
       0
       0
       0
       0
       0
       0
       0
       0
       0
       1
       0
       0
       0
       0
       0
       0
       1
       0
       0
       0
       0
       0
       0
       0
       0
       0
       0
       0
       0
       0
       0
       0
       0
       0
       0
       1
       1
       1
       0
       0
       1
       0
       0
       0
       0
       0
       0
       0
       0
       0
       0
       0
       1
       0
       0
       1
       0
       0
       0
       0
       0
       1
       0
       0
       0
       0
       0
       0
       0
       0
       0
       0
       0
       0
       0
       1
       0
       0
       0
       0
       0
       0
       0
       1
       0
       0
       0
       0
       0
       0
       0
       0
       0
       0
       1
       0
       0
       0
       0
       0
       0
       0
       1
       0
       0
       0
       0
       0
       0
       0
       0
       0
       0
       0
       0
       0
       0
       0
       0
       2
       0
       0
       0
       0
       2
       0
       0
       0
       0
       0
       0
       0
       0
       0
       1
       0
       1
       0
       1
       0
       0
       0
       0
       0
       0
       0
       0
       0
       0
       0
       0
       0
       0
       0
       0
       0
       0
       0
       0
       0
       0
       0
       1
       0
       0
       0
       0
       0
       0
       0
       0
       1
       1
       0
       0
       1
       0
       0
       1
       0
       0
       0
       0
       0
       0
       0
       0
       0
       0
       0
       0
       0
       0
       0
       0
       0
       1
       0
       1
       0
       0
       0
       0
       0
       0
       0
       0
       0
       0
       0
       0
       0
       0
       1
       0
       0
       0
       0
       1
       0
       0
       1
       0
       0
       0
       0
       1
       0
       0
       0
       0
       0
       0
       0
       0
       0
       1
       0
       0
       0
       0
       0
       0
       0
       0
       0
       0
       1
       0
       0
       1
       0
       0
       0
       2
       1
       0
       0
       1
       0
       1
       0
       0
       0
       0
       0
       0
       0
       0
       0
       0
       0
       0
       0
       0
       0
       0
       0
       0
       0
       0
       0
       0
       0
       0
       0
       1
       1
       0
       0
       0
       1
       0
       0
       0
       0
       0
       0
       0
       0
       0
       0
       0
       0
       0
       0
       0
       0
       0
       0
       0
       0
       0
       0
       0
       0
       0
       0
       0
       0
       0
       0
       0
       0
       0
       0
       1
       0
       0
       0
       0
       0
       1
       0
       1
       0
       0
       0
       0
       1
       0
       0
       1
       0
       0
       0
       0
       0
       0
       0
       0
       0
       0
       0
       0
       0
       0
       0
       0
       0
       0
       0
       0
       0
       0
       0
       1
       0
       0
       0
       0
       0
       0
       0
       0
       1
       0
       0
       0
       0
       0
       0
       0
       0
       0
       0
       0
       0
       0
       0
       0
       0
       0
       0
       0
       0
       0
       0
       0
       0
       0
       0
       0
       1
       0
       0
       0
       0
       0
       0
       0
       0
       1
       0
       0
       0
       0
       0
       0
       0
       0
       0
       0
       0
       0
       0
       0
       1
       0
       0
       0
       0
       0
       0
       0
       0
       0
       0
       0
       0
       0
       0
       0
       1
       0
       0
       0
       0
       0
       0
       0
       0
       0
       0
       0
       0
       0
       0
       0
       0
       0
       0
       0
       0
       0
       0
       1
       0
       0
       1
       0
       1
       0
       0
       0
       0
       0
       0
       1
       0
       0
       0
       0
       0
       0
       0
       0
       0
       1
       0
       0
       0
       0
       0
       0
       0
       0
       0
       1
       0
       0
       0
       0
       1
       0
       0
       0
       1
       1
       3
       0
       0
       1
       0
       0
       0
       0
       0
       0
       0
       0
       0
       0
       0
       0
       0
       0
       0
       0
       0
       0
       0
       0
       0
       0
       0
       0
       0
       0
       0
       0
       0
       0
       1
       0
       0
       0
       0
       0
       0
       0
       0
       0
       0
       0
       0
       0
       0
       0
       0
       0
       0
       0
       0
       1
       1
       0
       0
       0
       0
       0
       0
       0
       0
       0
       0
       0
       0
       0
       0
       0
       0
       0
       0
       0
       0
       0
       0
       0
       0
       0
       0
       1
       0
       1
       0
       0
       0
       0
       0
       0
       0
       0
       0
       0
       0
       0
       0
       0
       0
       1
       0
       0
       0
       0
       0
       0
       0
       2
       0
       0
       0
       0
       0
       0
       0
       0
       0
       0
       0
       0
       0
       1
       1
       0
       0
       0
       0
       1
       1
       0
       0
       0
       0
       0
       0
       0
       0
       0
       0
       0
       0
       0
       0
       0
       0
       0
       0
       0
       0
       1
       0
       0
       0
       0
       0
       0
       0
       0
       1
       0
       0
       0
       0
       0
       0
       0
       0
       0
       0
       0
       1
       0
       0
       0
       0
       0
       0
       0
       0
       0
       0
       0
       0
       0
       0
       0
       0
       0
       0
       0
       0
       0
       0
       0
       0
       0
       0
       0
       0
       1
       0
       1
       0
       0
       0
       1
       0
       0
       0
       0
       0
       1
       1
       0
       0
       0
       0
       0
       0
       0
       0
       0
       0
       0
       0
       0
       0
       0
       0
       0
       0
       0
       0
       0
       0
       0
       0
       0
       0
       0
       0
       0
       0
       0
       0
       0
       0
       0
       0
       0
       0
       0
       0
       1
       0
       0
       0
       0
       0
       0
       0
       0
       0
       0
       0
       0
       1
       0
       0
       0
       0
       0
       0
       0
       0
       0
       0
       0
       0
       0
       0
       0
       0
       0
       0
       0
       0
       0
       0
       0
       0
       0
       0
       0
       0
       0
       0
       0
       0
       0
       0
       0
       0
       0
       0
       0
       0
       0
       0
       1
       0
       0
       1
       0
       0
       0
       0
       0
       0
       0
       0
       0
       0
       1
       0
       0
       0
       0
       0
       0
       0
       0
       0
       0
       0
       0
       0
       0
       0
       0
       0
       0
       0
       0
       0
       0
       0
       0
       1
       0
       0
       0
       2
       0
       0
       0
       0
       0
       0
       0
       0
       0
       0
       0
       0
       0
       0
       0
       0
       1
       0
       0
       0
       0
       0
       0
       1
       0
       0
       0
       0
       0
       0
       0
       0
       1
       0
       0
       0
       0
       0
       0
       0
       0
       0
       0
       0
       0
       0
       0
       0
       0
       0
       0
       0
       0
       0
       0
       0
       0
       0
       1
       0
       0
       0
       0
       0
       0
       0
       0
       0
       0
       0
       0
       0
       0
       0
       0
       1
       0
       0
       0
       0
       0
       0
       0
       0
       0
       0
       0
       0
       0
       0
       0
       0
       0
       0
       0
       0
       0
       0
       0
       0
       0
       0
       0
       1
       0
       0
       0
       0
       0
       0
       0
       0
       0
       0
       0
       1
       0
       0
       0
       0
       0
       0
       0
       0
       0
       0
       0
       0
       0
       0
       0
       0
       0
       0
       0
       1
       0
       0
       0
       0
       0
       0
       1
       0
       0
       0
       0
       0
       0
       0
       0
       0
       0
       0
       0
       0
       0
       0
       0
       0
       0
       0
       0
       0
       0
       0
       0
       0
       0
       0
       0
       0
       0
       0
       0
       0
       0
       0
       0
       0
       1
       1
       0
       0
       0
       0
       0
       0
       0
       0
       0
       0
       0
       0
       0
       0
       0
       0
       0
       0
       0
       0
       0
       1
       0
       0
       0
       0
       0
       0
       0
       0
       0
       0
       0
       0
       1
       0
       0
       0
       0
       0
       0
       0
       0
       0
       0
       0
       0
       0
       1
       0
       0
       0
       0
       0
       0
       0
       0
       0
       0
       0
       0
       0
       0
       0
       0
       0
       0
       0
       0
       1
       0
       0
       0
       0
       0
       0
       0
       0
       0
       0
       0
       0
       0
       0
       0
       0
       0
       0
       0
       0
       0
       0
       0
       0
       0
       0
       0
       0
       0
       0
       0
       0
       0
       1
       0
       0
       0
       0
       0
       0
       1
       0
       0
       0
       0
       0
       0
       0
       0
       0
       0
       0
       0
       0
       0
       0
       0
       0
       0
       0
       0
       1
       0
       0
       0
       0
       0
       0
       0
       0
       0
       1
       0
       0
       0
       0
       0
       0
       0
       1
       0
       0
       0
       0
       0
       0
       0
       0
       0
       0
       0
       0
       0
       0
       0
       0
       0
       0
       0
       0
       0
       0
       0
       0
       0
       0
       0
       0
       0
       1
       0
       1
       0
       0
       0
       0
       0
       1
       0
       0
       0
       0
       0
       1
       0
       0
       0
       0
       0
       0
       0
       0
       0
       0
       0
       0
       0
       0
       0
       0
       0
       1
       0
       0
       0
       0
       0
       0
       0
       0
       0
       0
       0
       0
       0
       1
       0
       0
       0
       0
       0
       0
       0
       0
       0
       0
       0
       0
       0
       0
       0
       0
       0
       0
       0
       0
       0
       0
       0
       0
       0
       0
       0
       0
       0
       0
       0
       0
       0
       0
       0
       0
       0
       0
       0
       0
       0
       0
       0
       0
       0
       0
       0
       0
       0
       0
       0
       0
       1
       0
       0
       1
       0
       0
       0
       0
       0
       0
       0
       0
       0
       0
       0
       0
       0
       0
       0
       0
       0
       0
       0
       0
       1
       0
       0
       0
       0
       0
       1
       0
       0
       0
       0
       0
       0
       0
       0
       0
       0
       0
       0
       1
       0
       0
       0
       0
       0
       0
       0
       0
       0
       0
       0
       0
       0
       0
       0
       0
       0
       0
       0
       0
       0
       0
       0
       0
       0
       0
       1
       0
       0
       0
       0
       0
       0
       0
       0
       0
       0
       0
       0
       0
       0
       0
       0
       0
       0
       0
       0
       0
       0
       1
       1
       0
       0
       1
       0
       0
       0
       0
       0
       0
       0
       0
       0
       0
       0
       0
       0
       0
       0
       0
       0
       0
       0
       0
       0
       0
       0
       0
       0
       0
       0
       0
       0
       0
       0
       0
       0
       0
       0
       0
       0
       0
       0
       0
       0
       0
       0
       0
       0
       1
       0
       0
       0
       0
       0
       0
       0
       0
       0
       0
       0
       0
       0
       0
       0
       0
       0
       0
       0
       0
       0
       1
       0
       0
       0
       1
       0
       0
       0
       0
       0
       0
       0
       0
       0
       0
       0
       0
       0
       0
       0
       0
       0
       0
       0
       0
       0
       0
       0
       0
       0
       0
       2
       0
       0
       1
       0
       1
       0
       2
       0
       0
       0
       1
       2
       1
       1
       0
       0
       0
       0
       0
       0
       0
       0
       0
       0
       0
       0
       0
       0
       0
       0
       0
       0
       0
       0
       0
       0
       0
       0
       0
       0
       0
       0
       0
       0
       0
       0
       0
       0
       0
       0
       0
       0
       0
       0
       0
       0
       0
       0
       0
       0
       0
       0
       0
       0
       0
       0
       1
       1
       0
       0
       0
       0
       0
       0
       0
       0
       0
       0
       0
       0
       0
       0
       0
       0
       0
       0
       0
       0
       0
       0
       0
       0
       0
       0
       0
       0
       0
       0
       0
       0
       0
       0
       0
       0
       0
       0
       1
       0
       0
       0
       0
       0
       0
       0
       0
       0
       0
       0
       0
       0
       0
       0
       0
       0
       0
       0
       0
       0
       0
       0
       0
       0
       0
       1
       0
       0
       0
       0
       0
       0
       0
       0
       0
       0
       0
       0
       0
       0
       0
       0
       0
       0
       0
       0
       0
       0
       0
       0
       0
       0
       0
       0
       0
       0
       0
       0
       0
       0
       0
       0
       0
       0
       0
       0
       0
       0
       0
       0
       0
       0
       0
       0
       0
       0
       0
       0
       0
       0
       0
       0
       0
       0
       0
       0
       0
       0
       0
       0
       0
       0
       0
       0
       0
       0
       0
       0
       0
       0
       0
       0
       0
       0
       0
       0
       1
       0
       0
       0
       0
       0
       0
       0
       0
       0
       0
       1
       0
       0
       0
       0
       0
       0
       0
       0
       0
       0
       0
       0
       0
       0
       0
       1
       0
       0
       0
       0
       0
       0
       0
       0
       0
       0
       0
       0
       0
       0
       0
       0
       0
       0
       0
       0
       1
       0
       0
       0
       0
       0
       1
       0
       0
       0
       0
       0
       0
       0
       0
       0
       0
       0
       0
       0
       0
       0
       0
       0
       0
       0
       1
       0
       0
       0
       0
       0
       0
       0
       0
       0
       0
       0
       0
       0
       0
       1
       0
       0
       0
       0
       0
       1
       0
       0
       0
       1
       0
       0
       0
       0
       0
       0
       0
       0
       0
       0
       0
       0
       0
       0
       0
       0
       0
       0
       0
       0
       0
       0
       0
       0
       0
       0
       0
       0
       1
       0
       0
       0
       0
       0
       0
       0
       0
       0
       0
       0
       0
       0
       0
       0
       0
       0
       0
       0
       0
       0
       0
       0
       0
       0
       1
       0
       0
       0
       0
       0
       0
       0
       0
       0
       1
       0
       0
       0
       0
       0
       0
       0
       0
       0
       0
       0
       0
       0
       0
       0
       0
       0
       0
       0
       0
       0
       0
       0
       0
       0
       0
       0
       0
       0
       0
       0
       0
       1
       0
       0
       0
       0
       0
       0
       0
       0
       0
       0
       1
       0
       0
       0
       0
       0
       0
       0
       0
       0
       0
       0
       0
       0
       1
       0
       0
       0
       0
       0
       0
       0
       0
       0
       0
       0
       0
       0
       0
       0
       0
       0
       0
       0
       0
       0
       0
       1
       0
       0
       0
       0
       0
       0
       0
       0
       0
       1
       0
       0
       0
       0
       0
       0
       0
       0
       0
       0
       0
       0
       0
       0
       0
       0
       0
       0
       0
       0
       0
       1
       0
       0
       0
       0
       0
       0
       0
       0
       0
       0
       0
       0
       0
       0
       0
       0
       0
       0
       0
       0
       0
       0
       0
       0
       0
       0
       0
       0
       0
       0
       0
       0
       0
       0
       0
       0
       0
       0
       0
       0
       0
       0
       0
       0
       0
       0
       0
       0
       0
       0
       0
       0
       0
       0
       0
       0
       0
       0
       0
       0
       0
       0
       0
       0
       0
       0
       1
       0
       1
       0
       0
       0
       1
       0
       0
       0
       0
       0
       0
       0
       0
       0
       0
       0
       0
       0
       0
       0
       0
       0
       0
       0
       0
       0
       0
       0
       0
       0
       0
       0
       0
       0
       0
       0
       0
       0
       0
       0
       0
       0
       0
       0
       0
       0
       0
       0
       0
       0
       1
       0
       0
       0
       0
       0
       0
       0
       0
       0
       0
       0
       0
       0
       0
       0
       0
       1
       0
       0
       0
       0
       0
       0
       0
       0
       0
       0
       0
       0
       0
       0
       0
       0
       0
       0
       0
       0
       0
       0
       0
       0
       0
       0
       0
       0
       0
       0
       0
       0
       0
       0
       0
       0
       0
       0
       1
       0
       0
       0
       0
       0
       0
       0
       0
       0
       0
       0
       0
       0
       0
       0
       0
       0
       0
       0
       0
       0
       0
       0
       1
       0
       0
       0
       0
       0
       0
       0
       0
       0
       0
       0
       0
       0
       0
       0
       0
       0
       0
       0
       0
       0
       0
       0
       0
       0
       0
       0
       0
       0
       0
       0
       0
       0
       0
       0
       0
       0
       0
       0
       0
       0
       0
       0
       0
       0
       0
       0
       0
       0
       0
       0
       0
       0
       0
       0
       0
       1
       0
       0
       0
       0
       0
       0
       0
       0
       0
       0
       0
       0
       0
       0
       0
       0
       0
       0
       0
       0
       0
       0
       0
       0
       0
       0
       0
       0
       0
       0
       0
       0
       0
       0
       0
       0
       0
       0
       0
       0
       0
       0
       0
       0
       0
       0
       0
       0
       0
       0
       0
       0
       0
       0
       0
       0
       0
       0
       0
       0
       0
       0
       0
       0
       0
       1
       0
       0
       0
       0
       0
       0
       1
       0
       0
       0
       0
       0
       0
       1
       0
       0
       0
       0
       0
       0
       0
       0
       0
       0
       0
       0
       0
       0
       0
       0
       0
       0
       0
       1
       0
       1
       0
       0
       0
       0
       0
       0
       0
       0
       0
       0
       0
       0
       0
       0
       0
       0
       0
       0
       1
       0
       0
       0
       0
       0
       0
       0
       0
       0
       0
       0
       0
       0
       0
       0
       0
       0
       0
       0
       0
       0
       0
       0
       1
       0
       0
       0
       0
       0
       0
       0
       0
       0
       0
       0
       0
       0
       0
       0
       0
       1
       0
       0
       0
       0
       0
       0
       0
       0
       0
       0
       0
       0
       0
       0
       0
       0
       0
       0
       0
       0
       0
       0
       0
       0
       0
       0
       0
       0
       0
       0
       0
       0
       0
       0
       0
       0
       0
       0
       0
       0
       1
       0
       1
       0
       0
       0
       0
       0
       0
       0
       0
       0
       0
       0
       0
       0
       0
       0
       0
       0
       0
       0
       0
       0
       0
       0
       0
       0
       0
       0
       0
       0
       0
       0
       0
       1
       0
       0
       0
       0
       0
       0
       0
       0
       0
       0
       0
       0
       0
       0
       0
       0
       0
       0
       0
       0
       0
       0
       0
       0
       0
       0
       0
       0
       0
       0
       0
       0
       0
       0
       0
       0
       0
       0
       0
       0
       1
       0
       0
       0
       0
       0
       0
       0
       0
       0
       0
       0
       0
       0
       0
       0
       0
       0
       0
       0
       0
       0
       0
       0
       0
       0
       0
       0
       0
       0
       0
       0
       0
       0
       0
       0
       0
       0
       0
       0
       0
       0
       0
       0
       0
       0
       0
       0
       0
       0
       0
       0
       0
       0
       0
       0
       0
       0
       0
       0
       0
       0
       0
       0
       0
       0
       0
       0
       0
       0
       0
       0
       0
       0
       0
       0
       0
       0
       0
       0
       0
       0
       0
       0
       0
       0
       0
       0
       0
       0
       0
       0
       0
       0
       1
       0
       0
       0
       0
       0
       0
       0
       0
       0
       0
       0
       0
       0
       1
       0
       0
       0
       0
       1
       0
       0
       0
       0
       0
       0
       0
       0
       0
       0
       0
       0
       0
       0
       0
       0
       0
       0
       0
       0
       0
       0
       0
       0
       0
       0
       0
       0
       0
       0
       0
       0
       0
       0
       0
       0
       0
       0
       0
       0
       0
       0
       0
       0
       0
       0
       0
       1
       0
       0
       0
       0
       0
       0
       0
       0
       0
       0
       0
       0
       0
       0
       0
       0
       0
       0
       0
       0
       0
       0
       0
       0
       0
       0
       0
       0
       0
       0
       0
       0
       0
       0
       0
       0
       0
       0
       0
       0
       0
       0
       0
       1
       0
       0
       0
       0
       0
       0
       0
       0
       0
       0
       0
       0
       0
       0
       0
       0
       0
       0
       0
       0
       0
       0
       0
       0
       0
       0
       0
       0
       0
       0
       0
       0
       1
       0
       0
       0
       0
       0
       0
       0
       0
       0
       0
       0
       0
       0
       0
       0
       0
       0
       0
       0
       0
       0
       0
       0
       0
       0
       0
       0
       0
       0
       0
       0
       0
       0
       0
       0
       0
       0
       0
       0
       0
       0
       0
       0
       0
       0
       0
       0
       0
       0
       0
       0
       0
       0
       0
       0
       0
       0
       0
       0
       0
       0
       0
       0
       0
       0
       0
       0
       0
       0
       0
       0
       0
       0
       0
       0
       0
       0
       0
       0
       0
       0
       0
       0
       0
       0
       0
       0
       0
       0
       0
       0
       0
       0
       0
       0
       0
       0
       0
       0
       0
       0
       0
       1
       0
       0
       0
       0
       0
       0
       0
       0
       1
       0
       0
       0
       0
       0
       0
       0
       0
       0
       0
       0
       0
       0
       0
       0
       0
       0
       0
       0
       0
       0
       0
       0
       0
       0
       0
       0
       0
       0
       0
       0
       0
       0
       0
       0
       0
       0
       0
       0
       0
       0
       1
       0
       0
       0
       0
       0
       0
       0
       0
       0
       0
       0
       0
       0
       0
       0
       0
       0
       1
       0
       0
       0
       0
       1
       0
       0
       1
       0
       0
       0
       0
       0
       0
       0
       0
       0
       0
       0
       0
       0
       0
       0
       0
       0
       0
       0
       0
       0
       0
       0
       0
       0
       0
       0
       0
       0
       0
       0
       0
       0
       0
       0
       0
       0
       0
       0
       0
       0
       0
       0
       0
       0
       0
       0
       0
       0
       0
       0
       0
       0
       0
       0
       0
       0
       0
       0
       0
       0
       0
       0
       0
       0
       0
       0
       0
       0
       0
       2
       0
       1
       0
       3
       0
       0
       1
       0
       1
       1
       0
       0
       1
       0
       1
       0
       2
       1
       0
       0
       0
       1
       0
       1
       1
       0
       1
       0
       1
       0
       0
       1
       0
       1
       0
       0
       0
       0
       1
       1
       0
       0
       0
       0
       0
       1
       0
       0
       0
       1
       0
       0
       1
       1
       0
       0
       3
       0
       1
       0
       0
       0
       4
       0
       1
       1
       3
       0
       0
       0
       1
       0
       2
       1
       0
       0
       0
       3
       0
       1
       1
       0
       0
       1
       0
       1
       2
       0
       1
       0
       1
       0
       1
       0
       4
       1
       0
       0
       0
       0
       1
       0
       0
       0
       0
       0
       1
       0
       1
       2
       0
       1
       1
       1
       1
       1
       0
       0
       0
       0
       0
       1
       1
       0
       0
       1
       2
       0
       0
       1
       2
       0
       1
       0
       2
       0
       0
       0
       0
       0
       1
       0
       0
       1
       0
       1
       0
       1
       3
       0
       0
       1
       0
       1
       1
       1
       1
       2
       0
       1
       1
       0
       1
       1
       0
       0
       1
       1
       0
       0
       1
       0
       1
       1
       1
       0
       2
       0
       0
       1
       0
       1
       0
$ROI:
0
$PRESETS:
None
0
0
$ENER_FIT:
0.000000 0.374432
$MCA_CAL:
3
0.000000E+000 3.744323E-001 0.000000E+000 keV
$SHAPE_CAL:
3
6.617742E+000 0.000000E+000 0.000000E+000
