# T / K  alpha / e-6 1/grd 
7.000000000000000000e+01 7.000000000000000000e+00
8.000000000000000000e+01 8.500000000000000000e+00
9.000000000000000000e+01 9.750000000000000000e+00
1.000000000000000000e+02 1.069999999999999929e+01
1.100000000000000000e+02 1.150000000000000000e+01
1.200000000000000000e+02 1.209999999999999964e+01
1.300000000000000000e+02 1.265000000000000036e+01
1.400000000000000000e+02 1.315000000000000036e+01
1.500000000000000000e+02 1.359999999999999964e+01
1.600000000000000000e+02 1.390000000000000036e+01
1.700000000000000000e+02 1.425000000000000000e+01
1.800000000000000000e+02 1.450000000000000000e+01
1.900000000000000000e+02 1.475000000000000000e+01
2.000000000000000000e+02 1.494999999999999929e+01
2.100000000000000000e+02 1.519999999999999929e+01
2.200000000000000000e+02 1.540000000000000036e+01
2.300000000000000000e+02 1.559999999999999964e+01
2.400000000000000000e+02 1.575000000000000000e+01
2.500000000000000000e+02 1.590000000000000036e+01
2.600000000000000000e+02 1.610000000000000142e+01
2.700000000000000000e+02 1.625000000000000000e+01
2.800000000000000000e+02 1.635000000000000142e+01
2.900000000000000000e+02 1.650000000000000000e+01
3.000000000000000000e+02 1.664999999999999858e+01
