# R_zyl / kOhm U / V I / mA R_probe / kOhm 
2.170000000000000054e-02 1.575000000000000000e+01 1.504000000000000057e+02 2.100000000000000130e-02
2.299999999999999961e-02 1.594999999999999929e+01 1.523000000000000114e+02 2.489999999999999852e-02
2.599999999999999881e-02 1.194999999999999929e+01 1.140000000000000000e+02 2.730000000000000135e-02
2.929999999999999966e-02 1.580000000000000071e+01 1.505999999999999943e+02 2.960000000000000131e-02
3.219999999999999946e-02 1.585999999999999943e+01 1.510000000000000000e+02 3.280000000000000276e-02
3.500000000000000333e-02 1.637999999999999901e+01 1.558000000000000114e+02 3.590000000000000135e-02
3.830000000000000071e-02 1.641000000000000014e+01 1.559000000000000057e+02 3.899999999999999994e-02
4.170000000000000095e-02 1.642999999999999972e+01 1.560000000000000000e+02 4.189999999999999974e-02
4.540000000000000285e-02 1.644999999999999929e+01 1.560999999999999943e+02 4.490000000000000241e-02
4.859999999999999737e-02 1.646999999999999886e+01 1.561999999999999886e+02 4.789999999999999813e-02
5.099999999999999672e-02 1.648000000000000043e+01 1.563000000000000114e+02 5.099999999999999672e-02
5.330000000000000016e-02 1.648999999999999844e+01 1.563000000000000114e+02 5.380000000000000060e-02
5.530000000000000193e-02 1.650000000000000000e+01 1.564000000000000057e+02 5.639999999999999875e-02
5.870000000000000218e-02 1.651000000000000156e+01 1.564000000000000057e+02 5.899999999999999689e-02
6.230000000000000121e-02 1.651000000000000156e+01 1.564000000000000057e+02 6.169999999999999790e-02
6.569999999999999452e-02 1.651999999999999957e+01 1.564000000000000057e+02 6.439999999999999891e-02
6.900000000000000577e-02 1.705000000000000071e+01 1.611999999999999886e+02 6.750000000000000444e-02
7.119999999999999940e-02 1.760000000000000142e+01 1.665999999999999943e+02 7.049999999999999323e-02
7.349999999999999589e-02 1.760999999999999943e+01 1.666999999999999886e+02 7.340000000000000691e-02
7.599999999999999811e-02 1.762000000000000099e+01 1.668000000000000114e+02 7.620000000000000384e-02
7.900000000000000078e-02 1.762999999999999901e+01 1.669000000000000057e+02 7.900000000000000078e-02
8.250000000000000389e-02 1.762999999999999901e+01 1.669000000000000057e+02 8.179999999999999771e-02
8.459999999999999465e-02 1.762999999999999901e+01 1.670000000000000000e+02 8.450000000000000566e-02
8.599999999999999312e-02 1.762999999999999901e+01 1.670000000000000000e+02 8.709999999999999687e-02
8.939999999999999336e-02 1.762999999999999901e+01 1.670000000000000000e+02 8.959999999999999909e-02
9.249999999999999889e-02 1.805999999999999872e+01 1.711999999999999886e+02 9.239999999999999603e-02
9.560000000000000442e-02 1.807000000000000028e+01 1.713000000000000114e+02 9.529999999999999583e-02
9.829999999999999849e-02 1.807999999999999829e+01 1.714000000000000057e+02 9.810000000000000664e-02
1.011999999999999983e-01 1.864999999999999858e+01 1.768000000000000114e+02 1.010999999999999954e-01
1.039000000000000062e-01 1.866000000000000014e+01 1.770000000000000000e+02 1.040999999999999981e-01
1.073000000000000065e-01 1.867000000000000171e+01 1.770999999999999943e+02 1.069999999999999979e-01
1.097999999999999948e-01 1.867000000000000171e+01 1.771999999999999886e+02 1.098999999999999977e-01
1.121999999999999942e-01 1.867000000000000171e+01 1.773000000000000114e+02 1.126999999999999946e-01
