# Pol_Winkel / deg I_max / V I_min / V 
0.000000000000000000e+00 4.238000000000000433e+00 3.438000000000000167e+00
1.000000000000000000e+01 3.952999999999999847e+00 2.202999999999999847e+00
2.000000000000000000e+01 3.468999999999999861e+00 1.203000000000000069e+00
3.000000000000000000e+01 3.077999999999999847e+00 5.620000000000000551e-01
3.500000000000000000e+01 3.031000000000000139e+00 3.589999999999999858e-01
4.000000000000000000e+01 3.031000000000000139e+00 2.650000000000000133e-01
4.500000000000000000e+01 3.218999999999999861e+00 1.710000000000000131e-01
5.000000000000000000e+01 3.531000000000000139e+00 1.400000000000000133e-01
5.500000000000000000e+01 4.062000000000000277e+00 9.299999999999999933e-02
6.000000000000000000e+01 4.125000000000000000e+00 1.869999999999999996e-01
7.000000000000000000e+01 4.488000000000000433e+00 6.870000000000000551e-01
8.000000000000000000e+01 4.905999999999999694e+00 1.812000000000000055e+00
9.000000000000000000e+01 4.858999999999999986e+00 4.078000000000000291e+00
1.000000000000000000e+02 6.594000000000000306e+00 3.766000000000000014e+00
1.100000000000000000e+02 9.311999999999999389e+00 2.311999999999999833e+00
1.200000000000000000e+02 1.138000000000000078e+01 1.062000000000000055e+00
1.300000000000000000e+02 1.150000000000000000e+01 5.629999999999999449e-01
1.400000000000000000e+02 1.150000000000000000e+01 5.629999999999999449e-01
1.500000000000000000e+02 1.111999999999999922e+01 1.562000000000000055e+00
1.600000000000000000e+02 9.061999999999999389e+00 2.311999999999999833e+00
1.700000000000000000e+02 6.812000000000000277e+00 3.188000000000000167e+00
1.800000000000000000e+02 4.812000000000000277e+00 3.250000000000000000e+00
