# druck / mbar counts 
8.000000000000000000e+00 0.000000000000000000e+00
1.000000000000000000e+02 4.000000000000000000e+00
2.000000000000000000e+02 8.000000000000000000e+00
3.000000000000000000e+02 1.300000000000000000e+01
4.000000000000000000e+02 1.700000000000000000e+01
5.000000000000000000e+02 2.100000000000000000e+01
6.000000000000000000e+02 2.500000000000000000e+01
7.000000000000000000e+02 2.900000000000000000e+01
8.000000000000000000e+02 3.300000000000000000e+01
9.000000000000000000e+02 3.700000000000000000e+01
9.960000000000000000e+02 4.100000000000000000e+01
