# theta_pB / grad theta_pB / bogenminute theta_nB / grad theta_nB / bogenminute 
7.300000000000000000e+01 5.000000000000000000e+01 8.300000000000000000e+01 3.000000000000000000e+01
7.400000000000000000e+01 3.000000000000000000e+01 8.100000000000000000e+01 3.000000000000000000e+01
7.500000000000000000e+01 5.000000000000000000e+01 8.100000000000000000e+01 4.500000000000000000e+01
7.500000000000000000e+01 2.500000000000000000e+01 8.100000000000000000e+01 3.000000000000000000e+01
7.000000000000000000e+01 3.000000000000000000e+01 7.600000000000000000e+01 2.500000000000000000e+01
6.800000000000000000e+01 5.000000000000000000e+01 7.500000000000000000e+01 4.500000000000000000e+01
4.400000000000000000e+01 4.000000000000000000e+01 5.100000000000000000e+01 5.500000000000000000e+01
2.600000000000000000e+01 5.000000000000000000e+00 3.200000000000000000e+01 4.000000000000000000e+01
6.200000000000000000e+01 5.000000000000000000e+01 7.000000000000000000e+01 5.000000000000000000e+01
