# z / mm B / mT 
8.500000000000000000e+01 4.000000000000000000e+00
9.000000000000000000e+01 1.800000000000000000e+01
9.100000000000000000e+01 2.600000000000000000e+01
9.200000000000000000e+01 3.500000000000000000e+01
9.300000000000000000e+01 4.800000000000000000e+01
9.400000000000000000e+01 7.000000000000000000e+01
9.500000000000000000e+01 1.010000000000000000e+02
9.600000000000000000e+01 1.430000000000000000e+02
9.700000000000000000e+01 1.960000000000000000e+02
9.800000000000000000e+01 2.680000000000000000e+02
9.900000000000000000e+01 3.200000000000000000e+02
1.000000000000000000e+02 3.530000000000000000e+02
1.010000000000000000e+02 3.730000000000000000e+02
1.020000000000000000e+02 3.870000000000000000e+02
1.030000000000000000e+02 3.950000000000000000e+02
1.040000000000000000e+02 4.010000000000000000e+02
1.050000000000000000e+02 4.060000000000000000e+02
1.060000000000000000e+02 4.090000000000000000e+02
1.070000000000000000e+02 4.100000000000000000e+02
1.080000000000000000e+02 4.100000000000000000e+02
1.090000000000000000e+02 4.090000000000000000e+02
1.100000000000000000e+02 4.070000000000000000e+02
1.110000000000000000e+02 4.030000000000000000e+02
1.120000000000000000e+02 3.970000000000000000e+02
1.130000000000000000e+02 3.890000000000000000e+02
1.140000000000000000e+02 3.760000000000000000e+02
1.150000000000000000e+02 3.570000000000000000e+02
1.160000000000000000e+02 3.330000000000000000e+02
1.170000000000000000e+02 2.970000000000000000e+02
1.180000000000000000e+02 2.540000000000000000e+02
1.190000000000000000e+02 2.030000000000000000e+02
1.200000000000000000e+02 1.480000000000000000e+02
1.210000000000000000e+02 1.050000000000000000e+02
1.220000000000000000e+02 7.600000000000000000e+01
1.230000000000000000e+02 5.400000000000000000e+01
1.240000000000000000e+02 3.800000000000000000e+01
1.250000000000000000e+02 2.800000000000000000e+01
1.300000000000000000e+02 6.000000000000000000e+00
1.350000000000000000e+02 1.000000000000000000e+00
